tree
version=v3
num_class=1
num_tree_per_iteration=1
label_index=0
max_feature_idx=35
objective=binary sigmoid:1
feature_names=29 106 110 112 261 262 364 408 409 540 615 714 768 783 861 1109 1257 1267 1389 1410 1428 1488 1512 1524 1650 1659 1749 1755 1791 1837 1932 1967 2065 2225 2305 2398
feature_infos=[0:1] [0:1] [0:1] [0:1] [0:1] [0:1] [0:1] [0:1] [0:1] [0:1] [0:1] [0:1] [0:1] [0:1] [0:1] [0:1] [0:1] [0:1] [0:1] [0:1] [0:1] [0:1] [0:1] [0:1] [0:1] [0:1] [0:1] [0:1] [0:1] [0:1] [0:1] [0:1] [0:1] [0:1] [0:1] [0:1]
tree_sizes=712 733 650 702 663

Tree=0
num_leaves=8
num_cat=0
split_feature=23 20 30 23 34 8 9
split_gain=0 0 0 0 0 0 0
threshold=26.929084007028482 0.03533500442932129 4.7199564663955682 25.840087988070657 0.74636409989062491 0.056798684075073241 2.7929007795194809
decision_type=0 0 0 0 0 0 0
left_child=1 3 5 -1 -3 -5 -7
right_child=2 4 6 -2 -4 -6 -8
leaf_value=0.24324324323999996 -0.54545454545999994 0.58551307845 -0.52941176471999996 -0.36585365856000002 0.34615384614 0.29813664594 -0.25925925926999999
leaf_weight=0 0 0 0 0 0 0 0
leaf_count=4 2 50 1 90 5 31 16
internal_value=0.0350526 1.64021 -0.600559 -0.175439 1.83594 -1.09244 0.373444
internal_weight=0 0 0 0 0 0 0
internal_count=199 57 142 6 51 95 47
is_linear=0
shrinkage=0.3


Tree=1
num_leaves=8
num_cat=0
split_feature=23 10 15 21 20 9 8
split_gain=0 0 0 0 0 0 0
threshold=29.637193332823948 -2.4056862601641313 0.50671499691101074 0.010022615290217553 0.012161184334869386 2.425432538745222 0.060807503492187498
decision_type=0 0 0 0 0 0 0
left_child=1 3 5 -1 -3 -5 -7
right_child=2 4 6 -2 -4 -6 -8
leaf_value=0.29428951673999998 -0.35601251826000002 -0.18511641848999999 0.40128655095000004 0.58848317453999999 -0.35944022726999997 -0.30623700366000001 0.48663386396999997
leaf_weight=0 0 0 0 0 0 0 0
leaf_count=7 16 4 72 6 1 91 3
internal_value=0.0277871 0.769686 -0.776502 -0.482023 1.21935 1.61248 -0.913687
internal_weight=0 0 0 0 0 0 0
internal_count=200 99 101 23 76 7 94
is_linear=0
shrinkage=0.3


Tree=2
num_leaves=7
num_cat=0
split_feature=23 12 2 20 16 12
split_gain=0 0 0 0 0 0
threshold=26.929084007028482 0.56910869420043941 0.34998873274078501 0.03533500442932129 0.28270464225217917 0.56084999938733193
decision_type=0 0 0 0 0 0
left_child=1 3 4 -2 -4 -6
right_child=2 -1 5 -3 -5 -7
leaf_value=-0.41252887907999997 0.011998554449999999 0.39385293029999996 0.25466554179000001 -0.32382618089999998 0.20226259275 -0.24111076026
leaf_weight=0 0 0 0 0 0 0
leaf_count=1 6 51 12 73 41 16
internal_value=0.0246765 1.10303 -0.35597 1.1821 -0.800526 0.24334
internal_weight=0 0 0 0 0 0
internal_count=200 58 142 57 85 57
is_linear=0
shrinkage=0.3


Tree=3
num_leaves=8
num_cat=0
split_feature=15 20 2 0 7 24 18
split_gain=0 0 0 0 0 0 0
threshold=0.50671499691101074 0.012161184334869386 0.34998873274078501 -0.66576378157095972 0.33169530870610009 4.9441754282347059 2.5479868990996097
decision_type=0 0 0 0 0 0 0
left_child=1 3 5 -1 -3 -5 -7
right_child=2 4 6 -2 -4 -6 -8
leaf_value=0.41391389205000001 -0.58746730718999995 0.2169280485 0.40497735657 -0.26806127385 0.29607616368 -0.05033764995 0.46323454667999997
leaf_weight=0 0 0 0 0 0 0 0
leaf_count=1 3 12 30 74 10 50 19
internal_value=0.0209618 1.01251 -0.265702 -1.20031 1.17316 -0.695982 0.239076
internal_weight=0 0 0 0 0 0 0
internal_count=199 46 153 4 42 84 69
is_linear=0
shrinkage=0.3


Tree=4
num_leaves=7
num_cat=0
split_feature=12 7 7 28 21 25
split_gain=0 0 0 0 0 0
threshold=0.5628404519605712 0.34830569182830295 0.38991294034414675 0.49615861112661169 0.073207239646881112 1.1113445825662231
decision_type=0 0 0 0 0 0
left_child=1 3 5 -2 -4 -6
right_child=2 4 -1 -3 -5 -7
leaf_value=0.40151512686000002 0.32910140624999995 -0.082107019140000001 0.41454517559999998 -0.0066817974299999998 0.29160054962999998 -0.33158861397
leaf_weight=0 0 0 0 0 0 0
leaf_count=1 20 97 40 4 1 36
internal_value=0.0218629 0.293217 -0.906374 -0.0240717 1.24404 -0.997573
internal_weight=0 0 0 0 0 0
internal_count=199 161 38 117 44 37
is_linear=0
shrinkage=0.3


end of trees

feature_importances:

parameters:
[boosting: gbdt]
[objective: binary]
[num_iterations: 5]
[learning_rate: 0.3]
[max_depth: 3]
[max_bin: 32]
[use_missing: 0]
[zero_as_missing: 0]
[num_class: 1]
[lambda_l1: 0.1]
[lambda_l2: 0.0]
[min_data_in_leaf: 1]
[min_gain_to_split: 0.001]

end of parameters

pandas_categorical:[]
