tree
version=v3
num_class=1
num_tree_per_iteration=1
label_index=0
max_feature_idx=37
objective=binary sigmoid:1
feature_names=2702 2748 2751 2752 3051 3516 3529 3544 3595 3657 3701 3725 3932 4167 4242 4354 4513 4540 4633 4643 4678 4843 4859 4919 5172 5236 5286 5340 5383 5427 5443 5451 5756 5785 5957 5989 6043 6254
feature_infos=[0:1] [0:1] [0:1] [0:1] [0:1] [0:1] [0:1] [0:1] [0:1] [0:1] [0:1] [0:1] [0:1] [0:1] [0:1] [0:1] [0:1] [0:1] [0:1] [0:1] [0:1] [0:1] [0:1] [0:1] [0:1] [0:1] [0:1] [0:1] [0:1] [0:1] [0:1] [0:1] [0:1] [0:1] [0:1] [0:1] [0:1] [0:1]
tree_sizes=719 733 733 718 728

Tree=0
num_leaves=8
num_cat=0
split_feature=2 36 30 30 6 16 2
split_gain=0 0 0 0 0 0 0
threshold=0.52644575651365666 0.5965192258651123 0.69188042408345796 0.71775576339379876 -1.3287124334939384 5.0042499828507125 0.53902697370342167
decision_type=0 0 0 0 0 0 0
left_child=1 3 5 -1 -3 -5 -7
right_child=2 4 6 -2 -4 -6 -8
leaf_value=0.56908665105 0.26315789472000001 0.54545454542999994 -0.36842105265000002 0.54098360655 -0.0062893081799999997 0.11864406776999999 -0.46428571430999999
leaf_weight=0 0 0 0 0 0 0 0
leaf_count=47 4 1 6 13 46 17 65
internal_value=0.0350526 1.49013 -0.527046 1.78423 -0.38961 0.351759 -1.14522
internal_weight=0 0 0 0 0 0 0
internal_count=199 58 141 51 7 59 82
is_linear=0
shrinkage=0.3


Tree=1
num_leaves=8
num_cat=0
split_feature=7 0 35 25 20 13 7
split_gain=0 0 0 0 0 0 0
threshold=5.0580210506480388 0.036230691575763696 0.56760252158145708 0.70360502987306128 9.2433878862336335e-06 9.414688529111567 5.198452896306855
decision_type=0 0 0 0 0 0 0
left_child=1 3 5 -1 -3 -5 -7
right_child=2 4 6 -2 -4 -6 -8
leaf_value=-0.31433481737999996 0.46295518082999998 -0.26311676360999997 0.10313593965000001 0.46618540091999994 -0.047932564800000001 -0.58643223860999993 0.45751965917999998
leaf_weight=0 0 0 0 0 0 0 0
leaf_count=1 16 102 28 44 3 3 2
internal_value=0.0281428 -0.41707 1.18096 1.22027 -0.627279 1.39391 -0.712498
internal_weight=0 0 0 0 0 0 0
internal_count=199 147 52 17 130 47 5
is_linear=0
shrinkage=0.3


Tree=2
num_leaves=8
num_cat=0
split_feature=2 36 30 29 10 32 17
split_gain=0 0 0 0 0 0 0
threshold=0.54588582441193012 0.59136564478515607 0.69188042408345796 5.2593180400239383 0.64489041723238527 7.7880088953187663 1.9300133641938121e-05
decision_type=0 0 0 0 0 0 0
left_child=1 3 5 -1 -3 -5 -7
right_child=2 4 6 -2 -4 -6 -8
leaf_value=0.030842202089999996 0.35638226046000004 -0.30696879449999998 0.36528014112000001 0.45059892951000002 -0.13351348553999998 -0.39874651871999994 0.10703028441
leaf_weight=0 0 0 0 0 0 0 0
leaf_count=23 65 21 4 9 19 50 8
internal_value=0.0273356 0.559534 -0.622939 0.889215 -0.546558 0.333875 -1.14166
internal_weight=0 0 0 0 0 0 0
internal_count=199 113 86 88 25 28 58
is_linear=0
shrinkage=0.3


Tree=3
num_leaves=8
num_cat=0
split_feature=7 6 4 13 25 35 0
split_gain=0 0 0 0 0 0 0
threshold=5.150855039175406 -1.3287124334939384 0.39486751614253623 8.9126533915363808 0.80089498361347589 0.61826632288378913 0.040819369232128144
decision_type=0 0 0 0 0 0 0
left_child=1 3 5 -1 -3 -5 -7
right_child=2 4 6 -2 -4 -6 -8
leaf_value=0.36275783066999995 -0.23234768312999998 -0.22834484886 0.15220471382999998 0.38574053448000001 -0.25952840085000001 0.31073485395 -0.52906368449999996
leaf_weight=0 0 0 0 0 0 0 0
leaf_count=29 9 99 23 34 1 3 1
internal_value=0.020254 -0.228131 1.02318 0.677746 -0.507332 1.16416 -0.665649
internal_weight=0 0 0 0 0 0 0
internal_count=199 160 39 38 122 35 4
is_linear=0
shrinkage=0.3


Tree=4
num_leaves=8
num_cat=0
split_feature=30 13 0 35 14 20 6
split_gain=0 0 0 0 0 0 0
threshold=0.68282867398972957 10.215870374252393 0.041654563332412721 0.54978659488703929 -0.0001717483057613372 9.2433878862336335e-06 -1.2633221540605468
decision_type=0 0 0 0 0 0 0
left_child=1 3 5 -1 -3 -5 -7
right_child=2 4 6 -2 -4 -6 -8
leaf_value=0.36837412971 -0.037072597860000001 0.42369366407999998 -0.41602412840999997 -0.01570312296 0.43332145397999994 -0.21307681511999998 0.5068349984099999
leaf_weight=0 0 0 0 0 0 0 0
leaf_count=41 8 1 3 42 15 85 4
internal_value=0.0209154 0.752466 -0.2446 0.977614 -0.652639 0.368268 -0.599158
internal_weight=0 0 0 0 0 0 0
internal_count=199 53 146 49 4 57 89
is_linear=0
shrinkage=0.3


end of trees

feature_importances:

parameters:
[boosting: gbdt]
[objective: binary]
[num_iterations: 5]
[learning_rate: 0.3]
[max_depth: 3]
[max_bin: 32]
[use_missing: 0]
[zero_as_missing: 0]
[num_class: 1]
[lambda_l1: 0.1]
[lambda_l2: 0.0]
[min_data_in_leaf: 1]
[min_gain_to_split: 0.001]

end of parameters

pandas_categorical:[]
